jails: 
  jail: 
    world: plots
    x: -141.39690492884907
    y: 65.0
    z: 53.46850966829494
    yaw: -89.23314
    pitch: 7.7992353
  lazycave: 
    world: minigames
    x: 397.2534660759565
    y: 1.0
    z: 103.91936689743056
    yaw: 147.9926
    pitch: 12.149979
